0.392086 0.00119121 0.00656486
0.441284 0.0015142 0.00753004
0.492028 0.00189631 0.00852557
0.558917 0.00246659 0.00983785
0.599221 0.00286311 0.0106286
0.673029 0.00364761 0.0120766
0.716265 0.00416978 0.0129249
0.778125 0.00496935 0.0141385
0.913535 0.00688398 0.0167953
0.964887 0.00774653 0.0178028
1.13072 0.0106992 0.0210567
1.20053 0.0121694 0.0224266
1.25512 0.0133938 0.0234977
1.30741 0.0146227 0.0245238
1.41893 0.0173582 0.0267123
1.47242 0.0187873 0.027762
1.56301 0.0213029 0.0295399
1.62029 0.0229955 0.0306641
1.69163 0.0251837 0.0320643
1.83891 0.0299078 0.0349551
2.00243 0.0356261 0.0381651
2.0576 0.0377327 0.0392482
2.12965 0.040562 0.0406628
2.1995 0.0434037 0.0420342
2.25271 0.0456415 0.0430789
2.32493 0.0487548 0.0444971
2.39397 0.0518287 0.0458528
2.4658 0.0551246 0.0472634
2.60995 0.061943 0.0500946
2.73346 0.0681353 0.0525207
2.73346 0.0681353 0.0525207
2.89618 0.0766893 0.0557173
2.94843 0.0796036 0.0567439
3.00337 0.0827243 0.0578234
3.00337 0.0827243 0.0578234
3.18711 0.0933607 0.0614341
3.23993 0.0966097 0.0624723
3.3507 0.103539 0.0646495
3.46215 0.110754 0.0668407
3.59205 0.119449 0.0693946
3.6687 0.124777 0.070902
3.76573 0.131669 0.0728104
3.86096 0.138614 0.0746835
3.91804 0.142885 0.0758064
3.99814 0.148969 0.0773824
4.05675 0.153513 0.0785356
4.11704 0.158258 0.0797221
4.25897 0.169597 0.0825154
4.35953 0.177914 0.0844949
4.54289 0.193443 0.0881048
4.62598 0.200783 0.0897411
4.66579 0.204365 0.0905253
4.78709 0.215376 0.0929147
4.86991 0.223094 0.0945467
4.93199 0.228981 0.09577
5.09713 0.244845 0.0990247
5.26971 0.26199 0.102427
5.37575 0.27289 0.104518
5.46096 0.281828 0.106199
5.52518 0.288674 0.107466
5.59039 0.295709 0.108753
5.71406 0.309212 0.111193
5.77589 0.316116 0.112414
5.92297 0.332719 0.115317
5.98406 0.339796 0.116524
6.17221 0.36182 0.12024
6.25619 0.371966 0.1219
6.36207 0.384938 0.123993
6.40182 0.389891 0.124778
6.52721 0.405619 0.127257
6.61541 0.416903 0.129002
6.63655 0.419646 0.12942
6.71991 0.430495 0.131069
6.84801 0.447383 0.133604
7.04348 0.473654 0.137473
7.06494 0.476623 0.137898
7.23868 0.500735 0.141339
7.34443 0.515782 0.143435
7.43216 0.528452 0.145174
7.45572 0.531897 0.145641
7.60597 0.553936 0.14862
7.71219 0.569839 0.150727
7.86464 0.592993 0.153752
8.017 0.616605 0.156777
8.12357 0.633451 0.158893
8.166 0.64025 0.159737
8.27611 0.65799 0.161925
8.3658 0.672641 0.163707
8.42872 0.683035 0.164958
8.53885 0.701369 0.167149
8.60715 0.712893 0.168508
8.73979 0.735457 0.171147
8.86857 0.757716 0.173711
9.06384 0.791981 0.1776
9.12955 0.803775 0.17891
9.19409 0.815446 0.180197
9.32395 0.839103 0.182786
9.38829 0.850998 0.18407
9.49708 0.871251 0.186241
9.56749 0.884518 0.187646
9.65196 0.900558 0.189333
9.82593 0.933895 0.192808
9.91019 0.950345 0.194492
10.0547 0.978819 0.197383
10.1576 0.999386 0.19944
10.2217 1.01235 0.200723
10.324 1.03317 0.202772
10.3856 1.04582 0.204004
10.4683 1.06293 0.205661
10.5498 1.07993 0.207294
10.712 1.11405 0.210546
10.8144 1.13593 0.212601
10.9565 1.1666 0.215452
11.0007 1.17627 0.21634
11.0404 1.18501 0.217138
11.204 1.2211 0.220425
11.2855 1.23936 0.222063
11.3683 1.25805 0.223728
11.4092 1.26737 0.224552
11.5319 1.29539 0.227021
11.5933 1.30958 0.228258
11.7567 1.34752 0.231547
11.8219 1.3629 0.232862
11.9863 1.40189 0.236176
12.048 1.41674 0.237422
12.1509 1.44164 0.239499
12.2536 1.46673 0.241573
12.2937 1.47659 0.242382
12.3985 1.50252 0.244501
12.5042 1.52888 0.246637
12.5677 1.54487 0.247923
12.6504 1.56581 0.249596
12.7356 1.58752 0.25132
12.821 1.60944 0.25305
12.992 1.65367 0.256516
13.0531 1.66971 0.257756
13.1581 1.69737 0.259885
13.2405 1.71929 0.261558
13.2822 1.73044 0.262404
13.3245 1.74181 0.263264
13.4892 1.78621 0.266611
13.6354 1.82613 0.269584
13.7234 1.85045 0.271375
13.8747 1.89253 0.274454
13.9802 1.92225 0.276606
14.0433 1.94016 0.277893
14.1464 1.96957 0.279996
14.2093 1.98766 0.28128
14.2925 2.0117 0.282979
14.3973 2.04217 0.28512
14.5661 2.09165 0.288571
14.6307 2.11083 0.289893
14.822 2.16789 0.293809
14.8908 2.18871 0.29522
14.9951 2.22041 0.297357
15.058 2.23968 0.298647
15.1236 2.25989 0.299995
15.2127 2.28745 0.301825
15.2988 2.31425 0.303593
15.4127 2.34996 0.305936
15.4758 2.36986 0.307233
15.5869 2.40511 0.309519
15.7378 2.45338 0.312628
15.8266 2.4821 0.31446
15.916 2.51117 0.316304
16.0002 2.53872 0.318041
16.0451 2.5535 0.318969
16.1756 2.5966 0.321665
16.2665 2.62689 0.323544
16.3943 2.66974 0.326189
16.5287 2.71522 0.328973
16.6122 2.7437 0.330702
16.6789 2.76662 0.332087
16.7457 2.78963 0.333472
16.8551 2.82753 0.335743
16.9441 2.8586 0.337593
17.0093 2.88149 0.338949
17.1389 2.92719 0.341645
17.2283 2.95897 0.343507
17.2499 2.96669 0.343956
17.3128 2.98923 0.345267
17.3997 3.02048 0.347079
17.6148 3.0983 0.351567
17.6765 3.12092 0.352856
17.7233 3.13815 0.353834
17.8774 3.19507 0.357057
17.9659 3.22808 0.358909
18.0299 3.25209 0.36025
18.0488 3.25923 0.360647
18.1346 3.29156 0.362445
18.1346 3.29156 0.362445
18.4532 3.41239 0.369131
18.4532 3.41239 0.369131
18.6229 3.47804 0.3727
18.6682 3.49574 0.373654
18.7941 3.5451 0.376307
18.9042 3.58864 0.378631
18.9675 3.61381 0.379967
19.1147 3.6726 0.383077
19.2208 3.71533 0.385319
19.3711 3.77631 0.388502
19.4553 3.81075 0.390286
19.4979 3.82827 0.391189
19.6246 3.88057 0.39388
19.729 3.92395 0.396097
19.7919 3.95024 0.397434
19.8577 3.97786 0.398834
19.9379 4.01165 0.400541
20.0626 4.06447 0.403199
20.1248 4.09099 0.404525
20.209 4.12705 0.406322
20.2889 4.16142 0.408028
20.454 4.23279 0.411556
20.5388 4.2698 0.413372
20.6021 4.29759 0.414729
20.7054 4.34303 0.416941
20.7887 4.37997 0.41873
20.9575 4.45506 0.422353
21.0386 4.49154 0.4241
21.1813 4.55596 0.427171
21.2836 4.6025 0.429375
21.3646 4.63962 0.431124
21.4233 4.6666 0.432391
21.4817 4.69354 0.433652
21.5599 4.72979 0.435344
21.6399 4.76696 0.437073
21.7411 4.81425 0.439265
21.8045 4.84405 0.44064
21.9647 4.91961 0.444115
22.0402 4.9555 0.445754
22.1187 4.99302 0.447461
22.1762 5.02064 0.448713
22.2745 5.06794 0.450853
22.3505 5.10476 0.45251
22.3903 5.12407 0.453377
22.4875 5.17145 0.455499
22.5637 5.20877 0.457163
22.7427 5.29685 0.461078
22.7841 5.3174 0.461984
22.9402 5.39513 0.465405
23.042 5.44623 0.467639
23.1451 5.49833 0.469906
23.2059 5.5292 0.471244
23.2903 5.57221 0.473102
23.4524 5.65516 0.476673
23.5346 5.6976 0.478488
23.6605 5.76291 0.481271
23.7823 5.82651 0.483966
23.8225 5.84764 0.484857
23.9437 5.91149 0.487545
24.0278 5.95611 0.489413
24.0878 5.98806 0.490746
24.1256 6.00823 0.491586
24.2258 6.06188 0.493816
24.3495 6.12851 0.496574
24.4504 6.18315 0.498824
24.6526 6.29332 0.503341
24.7347 6.33851 0.505179
24.7957 6.37228 0.506548
24.8994 6.42982 0.508875
24.9553 6.46096 0.510129
25.0372 6.5068 0.511971
25.1339 6.56114 0.514147
25.2172 6.60823 0.516025
25.2723 6.63948 0.517268
25.3512 6.68436 0.519048
25.5111 6.77573 0.522662
25.6517 6.85669 0.525843
25.7141 6.89289 0.527258
25.8103 6.94895 0.529444
25.9076 7.00588 0.531655
25.966 7.0402 0.532983
26.0447 7.08666 0.534777
26.1205 7.13151 0.536504
26.1791 7.16636 0.537841
26.2748 7.22346 0.540028
26.4129 7.30624 0.543187
26.4918 7.35391 0.544996
26.6066 7.42349 0.547629
26.6433 7.44587 0.548472
26.7428 7.50665 0.550759
26.8005 7.5421 0.552088
26.879 7.59046 0.553897
26.9353 7.62527 0.555195
27.1308 7.74657 0.55971
27.1869 7.78168 0.561007
27.342 7.87913 0.5646
27.4165 7.92634 0.566331
27.5111 7.98651 0.568531
27.5511 8.01206 0.569462
27.6466 8.07317 0.571686
27.7032 8.1096 0.573007
27.798 8.17079 0.575221
27.9514 8.2702 0.578806
28.0857 8.35797 0.581953
28.1817 8.42117 0.584209
28.2219 8.44774 0.585154
28.319 8.51205 0.587438
28.3777 8.55118 0.588823
28.4558 8.60333 0.590665
28.5518 8.66764 0.592931
28.6272 8.71848 0.594716
28.6852 8.75768 0.596088
28.8561 8.87362 0.60014
28.914 8.91325 0.601516
28.9886 8.96446 0.603292
29.0633 9.01595 0.605072
29.1592 9.08226 0.607359
29.2205 9.12487 0.608824
29.355 9.21866 0.612041
29.4492 9.28473 0.614297
29.5592 9.36234 0.616939
29.6361 9.41686 0.618788
29.7284 9.48264 0.621012
29.8195 9.54781 0.623209
29.8946 9.60174 0.625022
29.8946 9.60174 0.625022
30.0241 9.69522 0.628156
30.1736 9.80377 0.63178
30.21 9.83043 0.632666
30.3755 9.95178 0.636692
30.4706 10.0221 0.639012
30.5248 10.0624 0.640337
30.6187 10.1323 0.642634
30.6902 10.1859 0.644387
30.7481 10.2293 0.645806
30.8374 10.2966 0.648
30.8921 10.3381 0.649347
30.9636 10.3924 0.651108
31.1081 10.5025 0.654672
31.1796 10.5573 0.65644
31.3068 10.6553 0.65959
31.448 10.7648 0.663096
31.5211 10.8219 0.664916
31.5917 10.8773 0.666675
31.6638 10.934 0.668476
31.7516 11.0034 0.67067
31.7697 11.0177 0.671123
31.8963 11.1182 0.674293
31.9492 11.1605 0.675623
31.9676 11.1753 0.676086
32.1439 11.3167 0.680519
32.2289 11.3855 0.682665
32.2994 11.4428 0.684447
32.3674 11.4983 0.68617
32.4211 11.5423 0.687531
32.4732 11.5851 0.688854
32.6328 11.7165 0.692909
32.7077 11.7787 0.69482
32.8284 11.8793 0.697902
32.8975 11.9373 0.699672
33.0006 12.024 0.702315
33.0514 12.067 0.70362
33.103 12.1108 0.704947
33.169 12.1669 0.706648
33.2182 12.2089 0.707916
33.2701 12.2534 0.709257
33.3875 12.3541 0.712292
33.5189 12.4676 0.715699
33.5543 12.4984 0.716618
33.6369 12.5703 0.718767
33.7033 12.6284 0.720497
33.7691 12.6862 0.722215
33.8202 12.7312 0.723553
33.906 12.807 0.725799
33.9753 12.8685 0.727615
34.0969 12.9768 0.73081
34.1619 13.035 0.732522
34.2312 13.0974 0.734352
34.3489 13.2037 0.737462
34.4332 13.2802 0.739695
34.4831 13.3258 0.741022
34.5676 13.403 0.743267
34.6326 13.4628 0.745001
34.6818 13.5082 0.746313
34.7156 13.5394 0.747216
34.7818 13.6007 0.748986
34.9656 13.7717 0.753911
35.0813 13.8803 0.757024
35.1657 13.9601 0.759303
35.2165 14.0083 0.760676
35.2655 14.0549 0.762003
35.3463 14.132 0.764195
35.3925 14.1763 0.76545
35.5225 14.3012 0.768986
35.5876 14.3642 0.770762
35.715 14.4879 0.774247
35.7995 14.5705 0.776566
35.8489 14.619 0.777923
35.9331 14.702 0.780243
35.9793 14.7478 0.78152
36.0589 14.8267 0.783718
36.0735 14.8413 0.784124
36.1689 14.9364 0.786766
36.2912 15.059 0.790163
36.3535 15.122 0.791901
36.4631 15.233 0.794962
36.5407 15.3121 0.797135
36.5866 15.3591 0.798423
36.6321 15.4058 0.799702
36.708 15.4839 0.80184
36.786 15.5646 0.804041
36.8328 15.6131 0.805365
36.9607 15.7462 0.808985
37.0394 15.8287 0.811221
37.0711 15.8621 0.812126
37.1332 15.9276 0.813896
37.2118 16.0108 0.816142
37.2604 16.0625 0.817533
37.2931 16.0974 0.818471
37.4502 16.2653 0.822982
37.4821 16.2997 0.823902
37.6094 16.4371 0.827577
37.6873 16.5219 0.829836
37.7656 16.6075 0.832112
37.8276 16.6755 0.833917
37.8903 16.7446 0.835748
37.8903 16.7446 0.835748
38.0319 16.9012 0.83989
38.0805 16.9554 0.841318
38.2696 17.167 0.846885
38.317 17.2207 0.84829
38.3491 17.257 0.849241
38.3939 17.308 0.850573
38.5056 17.4353 0.853895
38.5493 17.4854 0.8552
38.5796 17.5203 0.856106
38.6905 17.648 0.859424
38.7715 17.742 0.861858
38.8202 17.7988 0.863326
38.8826 17.8718 0.865209
38.9436 17.9434 0.867055
39.0026 18.0129 0.868845
39.0954 18.1226 0.871663
39.0954 18.1226 0.871663
39.2026 18.2502 0.874932
39.3219 18.3931 0.878584
39.3984 18.4852 0.880933
39.5041 18.6134 0.884192
39.5041 18.6134 0.884192
39.5184 18.6308 0.884635
39.6844 18.8335 0.889775
39.6844 18.8335 0.889775
39.8055 18.983 0.893549
39.896 19.0955 0.896382
39.9852 19.2071 0.899185
39.9852 19.2071 0.899185
40.1315 19.3912 0.903797
40.1621 19.43 0.904766
40.2618 19.5569 0.907933
40.2915 19.5949 0.908879
40.3935 19.7258 0.912134
40.4222 19.7629 0.913055
40.4222 19.7629 0.913055
40.4222 19.7629 0.913055
40.6371 20.0411 0.919951
40.6776 20.0943 0.921261
40.7892 20.2413 0.924884
40.8462 20.3168 0.926739
40.9287 20.4267 0.929434
40.9287 20.4267 0.929434
40.9287 20.4267 0.929434
41.0358 20.5701 0.932946
41.0358 20.5701 0.932946
41.0358 20.5701 0.932946
41.0358 20.5701 0.932946
41.1801 20.7648 0.9377
41.3633 21.0145 0.943775
41.3633 21.0145 0.943775
41.3633 21.0145 0.943775
41.5344 21.2506 0.949497
41.5597 21.2859 0.950348
41.6229 21.3744 0.952482
41.6751 21.4478 0.95425
41.738 21.5366 0.956384
41.8003 21.6248 0.958502
41.837 21.6772 0.959757
41.9676 21.8636 0.964223
42.0184 21.9367 0.965969
42.0184 21.9367 0.965969
42.1217 22.0863 0.969535
42.1985 22.1981 0.972197
42.2479 22.2706 0.973917
42.2987 22.3454 0.975691
42.4142 22.516 0.979734
42.4521 22.5724 0.981065
42.4521 22.5724 0.981065
42.4521 22.5724 0.981065
42.4521 22.5724 0.981065
42.4521 22.5724 0.981065
31889.5 47614.6 1124.4
31889.5 47614.6 1124.4
31889.6 47614.6 1124.4
31889.7 47614.6 1124.4
31889.7 47614.6 1124.4
31889.7 47614.6 1124.4
31889.7 47614.6 1124.4
31889.7 47614.6 1124.4
31889.7 47614.6 1124.4
31889.7 47614.6 1124.4
31889.7 47614.6 1124.4
31889.7 47614.6 1124.4
86804.9 31379 2247.82
86804.9 31379 2247.82
86804.9 31378.8 2247.83
86804.9 31378.8 2247.83
86804.9 31378.5 2247.83
86804.9 31378.3 2247.84
86804.9 31378.2 2247.84
86804.9 31378.1 2247.84
86804.9 31378 2247.84
86804.9 31377.9 2247.84
86804.9 31377.9 2247.85
86804.9 31377.8 2247.85
86804.9 31377.7 2247.85
86804.9 31377.6 2247.85
86804.9 31377.5 2247.85
86804.9 31377.3 2247.86
86804.9 31377.3 2247.86
86804.9 31377.2 2247.86
86805 31377 2247.86
86805 31376.9 2247.86
86805 31376.9 2247.86
86805 31376.7 2247.87
86805 31376.6 2247.87
86805 31376.6 2247.87
86805 31376.5 2247.87
86805 31376.5 2247.87
86805 31376.1 2247.88
86805 31376 2247.88
86805 31376 2247.88
86805 31375.8 2247.89
86805 31375.7 2247.89
86805.1 31375.6 2247.89
86805.1 31375.5 2247.89
86805.1 31375.4 2247.89
86805.1 31375.4 2247.89
86805.1 31375.3 2247.9
86805.1 31375.2 2247.9
86805.1 31375.1 2247.9
86805.1 31375 2247.9
86805.1 31374.8 2247.9
86805.1 31374.7 2247.91
86805.1 31374.6 2247.91
86805.2 31374.5 2247.91
86805.2 31374.4 2247.91
86805.2 31374.2 2247.92
86805.2 31374.1 2247.92
86805.2 31374.1 2247.92
86805.2 31373.9 2247.92
86805.2 31373.9 2247.92
86805.2 31373.7 2247.93
86805.2 31373.6 2247.93
86805.2 31373.6 2247.93
86805.3 31373.5 2247.93
86805.3 31373.4 2247.93
86805.3 31373.3 2247.94
86805.3 31373.2 2247.94
86805.3 31373 2247.94
86805.3 31372.9 2247.94
86805.3 31372.9 2247.94
86805.4 31372.8 2247.95
86805.4 31372.7 2247.95
86805.4 31372.6 2247.95
86805.4 31372.6 2247.95
86805.4 31372.3 2247.95
86805.4 31372.2 2247.96
86805.5 31372.1 2247.96
86805.5 31372 2247.96
86805.5 31371.9 2247.96
86805.5 31371.9 2247.96
86805.5 31371.6 2247.97
86805.5 31371.5 2247.97
86805.6 31371.4 2247.97
86805.6 31371.4 2247.97
86805.6 31371.2 2247.98
86805.6 31371.1 2247.98
86805.6 31371 2247.98
86805.6 31370.9 2247.98
86805.6 31370.9 2247.98
86805.7 31370.7 2247.99
86805.7 31370.6 2247.99
86805.7 31370.4 2247.99
86805.7 31370.4 2247.99
86805.8 31370.3 2248
86805.8 31370.3 2248
86805.8 31370.1 2248
86805.8 31369.9 2248
86805.8 31369.9 2248
86805.9 31369.7 2248.01
86805.9 31369.5 2248.01
86805.9 31369.5 2248.01
86805.9 31369.4 2248.01
86806 31369.2 2248.02
86806 31369.1 2248.02
86806 31369 2248.02
86806 31368.9 2248.02
86806 31368.8 2248.02
86806.1 31368.7 2248.03
86806.1 31368.7 2248.03
86806.1 31368.7 2248.03
86806.1 31368.4 2248.03
86806.2 31368.2 2248.04
86806.2 31368.1 2248.04
86806.2 31368.1 2248.04
86806.2 31368 2248.04
86806.3 31367.9 2248.04
86806.3 31367.8 2248.04
86806.3 31367.7 2248.05
86806.3 31367.6 2248.05
86806.4 31367.4 2248.05
86806.4 31367.3 2248.05
86806.4 31367.3 2248.05
86806.4 31367.2 2248.06
86806.4 31367.2 2248.06
86806.5 31367.1 2248.06
86806.5 31367 2248.06
86806.5 31366.8 2248.06
86806.6 31366.7 2248.07
86806.6 31366.6 2248.07
86806.6 31366.4 2248.07
86806.7 31366.3 2248.07
86806.7 31366.2 2248.08
86806.7 31366.1 2248.08
86806.7 31366.1 2248.08
86806.8 31366 2248.08
86806.8 31365.9 2248.08
86806.8 31365.9 2248.08
86806.9 31365.6 2248.09
86806.9 31365.5 2248.09
86806.9 31365.4 2248.09
86807 31365.3 2248.1
86807 31365.2 2248.1
86807 31365.1 2248.1
86807 31365 2248.1
86807.1 31364.9 2248.1
86807.1 31364.8 2248.11
86807.1 31364.8 2248.11
86807.2 31364.5 2248.11
86807.2 31364.4 2248.11
86807.2 31364.4 2248.11
86807.3 31364.2 2248.12
86807.3 31364.2 2248.12
86807.3 31364.1 2248.12
86807.3 31364 2248.12
86807.4 31363.9 2248.12
86807.4 31363.9 2248.12
86807.5 31363.6 2248.13
86807.5 31363.6 2248.13
86807.6 31363.4 2248.13
86807.6 31363.3 2248.14
86807.6 31363.2 2248.14
86807.7 31363.1 2248.14
86807.7 31363.1 2248.14
86807.7 31363 2248.14
86807.7 31363 2248.14
86807.8 31362.8 2248.15
86807.8 31362.6 2248.15
86807.9 31362.6 2248.15
86807.9 31362.4 2248.16
86808 31362.2 2248.16
86808 31362.2 2248.16
86808 31362.1 2248.16
86808 31362 2248.16
86808.1 31361.9 2248.16
86808.1 31361.9 2248.17
86808.1 31361.7 2248.17
86808.2 31361.7 2248.17
86808.2 31361.6 2248.17
86808.2 31361.5 2248.17
86808.3 31361.3 2248.18
86808.3 31361.2 2248.18
86808.4 31361.1 2248.18
86808.4 31361.1 2248.18
86808.4 31361 2248.18
86808.5 31360.9 2248.19
86808.5 31360.7 2248.19
86808.6 31360.7 2248.19
86808.6 31360.5 2248.2
86808.6 31360.4 2248.2
86808.7 31360.3 2248.2
86808.7 31360.2 2248.2
86808.8 31360.1 2248.2
86808.8 31360 2248.2
86808.8 31360 2248.21
86808.9 31359.9 2248.21
86808.9 31359.8 2248.21
86808.9 31359.7 2248.21
86809 31359.6 2248.21
86809.1 31359.4 2248.22
86809.1 31359.4 2248.22
86809.1 31359.3 2248.22
86809.2 31359.2 2248.22
86809.2 31359.1 2248.22
86809.2 31359 2248.23
86809.3 31359 2248.23
86809.4 31358.8 2248.23
86809.4 31358.7 2248.23
86809.4 31358.6 2248.24
86809.5 31358.6 2248.24
86809.5 31358.6 2248.24
86809.6 31358.3 2248.24
86809.6 31358.3 2248.24
86809.6 31358.2 2248.24
86809.7 31358.1 2248.25
86809.8 31357.8 2248.25
86809.8 31357.8 2248.25
86809.8 31357.7 2248.26
86809.9 31357.6 2248.26
86809.9 31357.6 2248.26
86810 31357.4 2248.26
86810 31357.4 2248.26
86810.1 31357.2 2248.27
86810.2 31357 2248.27
86810.2 31357 2248.27
86810.2 31356.9 2248.27
86810.3 31356.8 2248.27
86810.3 31356.8 2248.28
86810.4 31356.6 2248.28
86810.4 31356.6 2248.28
86810.5 31356.3 2248.29
86810.6 31356.3 2248.29
86810.6 31356.2 2248.29
86810.7 31356.1 2248.29
86810.7 31356 2248.29
86810.7 31355.9 2248.29
86810.8 31355.9 2248.3
86810.8 31355.9 2248.3
86810.9 31355.7 2248.3
86810.9 31355.6 2248.3
86810.9 31355.6 2248.3
86810.9 31355.5 2248.3
86811.1 31355.3 2248.31
86811.1 31355.3 2248.31
86811.2 31355.1 2248.31
86811.2 31355.1 2248.31
86811.3 31355 2248.32
86811.3 31354.9 2248.32
86811.4 31354.8 2248.32
86811.4 31354.6 2248.32
86811.5 31354.6 2248.33
86811.6 31354.4 2248.33
86811.6 31354.4 2248.33
86811.6 31354.3 2248.33
86811.7 31354.2 2248.33
86811.8 31354.1 2248.34
86811.8 31354 2248.34
86811.9 31353.9 2248.34
86811.9 31353.9 2248.34
86811.9 31353.8 2248.34
86812 31353.7 2248.34
86812.1 31353.6 2248.35
86812.1 31353.5 2248.35
86812.2 31353.4 2248.35
86812.2 31353.4 2248.35
86812.3 31353.2 2248.36
86812.4 31353.1 2248.36
86812.4 31353.1 2248.36
86812.5 31352.9 2248.36
86812.5 31352.9 2248.36
86812.6 31352.7 2248.37
86812.7 31352.6 2248.37
86812.7 31352.6 2248.37
86812.7 31352.6 2248.37
86812.7 31352.6 2248.37
86812.7 31352.6 2248.37
86812.8 31352.3 2248.38
86812.8 31352.3 2248.38
86812.8 31352.3 2248.38
86813.1 31352 2248.38
86813.1 31351.9 2248.39
86813.1 31351.9 2248.39
86813.1 31351.9 2248.39
86813.1 31351.9 2248.39
86813.4 31351.5 2248.4
86813.4 31351.5 2248.4
86813.4 31351.5 2248.4
86813.5 31351.3 2248.4
86813.6 31351.2 2248.4
86813.6 31351.2 2248.4
86813.6 31351.2 2248.4
86813.7 31351 2248.41
86813.7 31351 2248.41
86813.7 31351 2248.41
86813.9 31350.7 2248.41
86813.9 31350.7 2248.41
86813.9 31350.7 2248.41
86814.1 31350.4 2248.42
86814.1 31350.4 2248.42
86814.1 31350.4 2248.42
86814.1 31350.4 2248.42
86814.3 31350.1 2248.43
86814.4 31350 2248.43
86814.4 31349.9 2248.43
86814.5 31349.8 2248.44
86814.5 31349.8 2248.44
86814.6 31349.7 2248.44
86814.6 31349.7 2248.44
86814.8 31349.5 2248.44
86814.8 31349.5 2248.44
86814.9 31349.3 2248.45
86815 31349.2 2248.45
86815 31349.2 2248.45
86815.1 31349 2248.46
86815.1 31349 2248.46
86815.1 31349 2248.46
86815.1 31349 2248.46
86815.3 31348.8 2248.46
86815.3 31348.8 2248.46
86815.3 31348.8 2248.46
86815.3 31348.8 2248.46
121535 -14190.3 3371.88
121535 -14190.3 3371.88
121534 -14190.5 3371.88
121534 -14190.6 3371.88
121534 -14190.6 3371.89
121534 -14190.8 3371.89
121534 -14190.8 3371.89
121534 -14191 3371.89
121534 -14191 3371.89
121534 -14191.1 3371.9
121534 -14191.2 3371.9
121534 -14191.3 3371.9
121534 -14191.3 3371.9
121534 -14191.5 3371.91
121534 -14191.5 3371.91
121534 -14191.6 3371.91
121534 -14191.7 3371.91
121534 -14191.7 3371.91
121534 -14191.7 3371.91
121533 -14191.9 3371.92
121533 -14192 3371.92
121533 -14192 3371.92
121533 -14192.2 3371.92
121533 -14192.3 3371.92
121533 -14192.5 3371.93
121533 -14192.6 3371.93
121533 -14192.6 3371.93
121533 -14192.7 3371.93
121533 -14192.7 3371.93
121533 -14192.8 3371.94
121533 -14192.9 3371.94
121533 -14193 3371.94
121533 -14193 3371.94
121533 -14193.2 3371.95
121533 -14193.2 3371.95
121533 -14193.3 3371.95
121532 -14193.5 3371.95
121532 -14193.5 3371.95
121532 -14193.6 3371.95
121532 -14193.8 3371.96
121532 -14193.9 3371.96
121532 -14194 3371.96
121532 -14194.1 3371.97
121532 -14194.2 3371.97
121532 -14194.2 3371.97
121532 -14194.3 3371.97
121532 -14194.3 3371.97
121532 -14194.4 3371.97
121532 -14194.6 3371.98
121532 -14194.6 3371.98
121532 -14194.8 3371.98
121532 -14194.8 3371.98
121532 -14194.9 3371.98
121532 -14195 3371.99
121532 -14195.1 3371.99
121531 -14195.2 3371.99
121531 -14195.2 3371.99
121531 -14195.4 3372
121531 -14195.6 3372
121531 -14195.6 3372
121531 -14195.6 3372
121531 -14195.6 3372
121531 -14195.6 3372
121531 -14195.9 3372.01
121531 -14196 3372.01
121531 -14196.1 3372.01
121531 -14196.2 3372.01
121531 -14196.3 3372.01
121531 -14196.4 3372.02
121531 -14196.5 3372.02
121531 -14196.5 3372.02
121531 -14196.6 3372.02
121531 -14196.7 3372.03
121531 -14196.8 3372.03
121531 -14196.9 3372.03
121530 -14197 3372.03
121530 -14197.2 3372.03
121530 -14197.2 3372.04
121530 -14197.3 3372.04
121530 -14197.4 3372.04
121530 -14197.5 3372.04
121530 -14197.6 3372.04
121530 -14197.6 3372.04
121530 -14197.7 3372.05
121530 -14197.8 3372.05
121530 -14197.9 3372.05
121530 -14197.9 3372.05
121530 -14198.1 3372.06
121530 -14198.2 3372.06
121530 -14198.3 3372.06
121530 -14198.3 3372.06
121530 -14198.4 3372.06
121530 -14198.5 3372.06
121530 -14198.6 3372.07
121530 -14198.7 3372.07
121530 -14198.8 3372.07
121530 -14198.9 3372.07
121530 -14199.1 3372.08
121529 -14199.2 3372.08
121529 -14199.2 3372.08
121529 -14199.3 3372.08
121529 -14199.4 3372.08
121529 -14199.5 3372.08
121529 -14199.5 3372.09
121529 -14199.6 3372.09
121529 -14199.7 3372.09
121529 -14199.7 3372.09
121529 -14200 3372.1
121529 -14200 3372.1
121529 -14200.1 3372.1
121529 -14200.2 3372.1
121529 -14200.3 3372.1
121529 -14200.3 3372.1
121529 -14200.4 3372.1
121529 -14200.6 3372.11
121529 -14200.7 3372.11
121529 -14200.9 3372.11
121529 -14200.9 3372.11
121529 -14201 3372.12
121529 -14201.1 3372.12
121529 -14201.2 3372.12
121529 -14201.2 3372.12
121529 -14201.3 3372.12
121529 -14201.4 3372.12
121528 -14201.6 3372.13
121528 -14201.7 3372.13
121528 -14201.8 3372.13
121528 -14201.9 3372.14
121528 -14202 3372.14
121528 -14202.1 3372.14
121528 -14202.2 3372.14
121528 -14202.3 3372.14
121528 -14202.3 3372.15
121528 -14202.4 3372.15
121528 -14202.6 3372.15
121528 -14202.7 3372.15
121528 -14202.9 3372.16
121528 -14202.9 3372.16
121528 -14203.1 3372.16
121528 -14203.1 3372.16
121528 -14203.2 3372.16
121528 -14203.3 3372.16
121528 -14203.4 3372.17
121528 -14203.5 3372.17
121528 -14203.6 3372.17
121528 -14203.6 3372.17
121528 -14203.8 3372.18
121528 -14203.9 3372.18
121528 -14204.1 3372.18
121528 -14204.1 3372.18
121528 -14204.2 3372.18
121528 -14204.3 3372.19
121527 -14204.4 3372.19
121527 -14204.5 3372.19
121527 -14204.6 3372.19
121527 -14204.6 3372.19
121527 -14204.8 3372.2
121527 -14205 3372.2
121527 -14205.1 3372.2
121527 -14205.2 3372.2
121527 -14205.3 3372.21
121527 -14205.4 3372.21
121527 -14205.4 3372.21
121527 -14205.6 3372.21
121527 -14205.8 3372.22
121527 -14205.9 3372.22
121527 -14205.9 3372.22
121527 -14206 3372.22
121527 -14206.1 3372.22
121527 -14206.2 3372.22
121527 -14206.3 3372.23
121527 -14206.4 3372.23
121527 -14206.5 3372.23
121527 -14206.6 3372.23
121527 -14206.7 3372.23
121527 -14206.7 3372.24
121527 -14206.9 3372.24
121527 -14207 3372.24
121527 -14207.1 3372.24
121527 -14207.3 3372.25
121527 -14207.3 3372.25
121527 -14207.5 3372.25
121527 -14207.6 3372.25
121527 -14207.6 3372.25
121527 -14207.8 3372.26
121527 -14207.9 3372.26
121526 -14208 3372.26
121526 -14208 3372.26
121526 -14208.1 3372.26
121526 -14208.3 3372.27
121526 -14208.4 3372.27
121526 -14208.6 3372.27
121526 -14208.7 3372.27
121526 -14208.7 3372.28
121526 -14208.8 3372.28
121526 -14208.9 3372.28
121526 -14209.1 3372.28
121526 -14209.2 3372.29
121526 -14209.4 3372.29
121526 -14209.5 3372.29
121526 -14209.5 3372.29
121526 -14209.7 3372.3
121526 -14209.8 3372.3
121526 -14209.8 3372.3
121526 -14209.9 3372.3
121526 -14210.1 3372.3
121526 -14210.2 3372.31
121526 -14210.4 3372.31
121526 -14210.5 3372.31
121526 -14210.6 3372.31
121526 -14210.6 3372.31
121526 -14210.8 3372.32
121526 -14210.8 3372.32
121526 -14210.9 3372.32
121526 -14211 3372.32
121526 -14211.2 3372.33
121526 -14211.3 3372.33
121526 -14211.4 3372.33
121526 -14211.5 3372.33
121526 -14211.6 3372.33
121526 -14211.8 3372.34
121526 -14211.8 3372.34
121526 -14211.8 3372.34
121526 -14211.9 3372.34
121526 -14212.3 3372.35
121526 -14212.4 3372.35
121526 -14212.6 3372.35
121526 -14212.7 3372.35
121526 -14212.7 3372.36
121526 -14212.8 3372.36
121526 -14212.9 3372.36
121526 -14213 3372.36
121526 -14213.1 3372.36
121525 -14213.2 3372.37
121525 -14213.3 3372.37
121525 -14213.3 3372.37
121525 -14213.6 3372.37
121525 -14213.7 3372.38
121525 -14213.8 3372.38
121525 -14213.8 3372.38
121525 -14213.8 3372.38
121525 -14213.9 3372.38
121525 -14214.1 3372.38
121525 -14214.3 3372.39
121525 -14214.5 3372.39
121525 -14214.5 3372.39
121525 -14214.7 3372.4
121525 -14214.8 3372.4
121525 -14214.9 3372.4
121525 -14215 3372.4
121525 -14215.1 3372.4
121525 -14215.1 3372.4
121525 -14215.3 3372.41
121525 -14215.4 3372.41
121525 -14215.5 3372.41
121525 -14215.7 3372.42
121525 -14215.7 3372.42
121525 -14215.9 3372.42
121525 -14216 3372.42
121525 -14216.1 3372.42
121525 -14216.1 3372.42
121525 -14216.2 3372.43
121525 -14216.4 3372.43
121525 -14216.5 3372.43
121525 -14216.6 3372.43
121525 -14216.7 3372.43
121525 -14216.7 3372.44
121525 -14216.8 3372.44
121525 -14216.9 3372.44
121525 -14217.1 3372.44
121525 -14217.2 3372.44
121525 -14217.2 3372.45
121525 -14217.3 3372.45
121525 -14217.4 3372.45
121525 -14217.6 3372.45
121525 -14217.7 3372.45
121525 -14217.8 3372.46
121525 -14217.9 3372.46
121525 -14218 3372.46
121525 -14218.1 3372.46
121525 -14218.2 3372.46
121525 -14218.3 3372.47
121525 -14218.4 3372.47
121525 -14218.6 3372.47
121525 -14218.7 3372.47
121525 -14218.8 3372.48
121525 -14218.8 3372.48
121525 -14219 3372.48
121525 -14219.1 3372.48
121525 -14219.2 3372.48
121525 -14219.3 3372.49
121525 -14219.4 3372.49
121525 -14219.4 3372.49
121525 -14219.6 3372.49
121525 -14219.7 3372.49
121525 -14219.8 3372.5
121525 -14219.8 3372.5
121525 -14219.8 3372.5
121525 -14219.9 3372.5
121525 -14220.2 3372.5
121525 -14220.2 3372.5
121525 -14220.3 3372.51
121525 -14220.5 3372.51
121525 -14220.7 3372.51
121525 -14220.8 3372.52
121525 -14220.9 3372.52
121525 -14221 3372.52
121525 -14221.1 3372.52
121525 -14221.2 3372.52
121525 -14221.2 3372.52
121525 -14221.3 3372.53
121525 -14221.4 3372.53
121525 -14221.6 3372.53
121525 -14221.7 3372.53
121525 -14221.9 3372.54
121525 -14221.9 3372.54
121525 -14222 3372.54
121525 -14222 3372.54
121525 -14222 3372.54
121525 -14222.1 3372.54
121525 -14222.1 3372.54
121525 -14222.1 3372.54
123862 -71439 4495.96
123861 -71439.1 4495.96
123861 -71439.1 4495.96
123861 -71439.1 4495.96
123861 -71439.2 4495.97
123861 -71439.2 4495.97
123861 -71439.2 4495.97
123861 -71439.3 4495.97
123861 -71439.3 4495.97
123861 -71439.3 4495.97
123861 -71439.4 4495.98
123861 -71439.4 4495.98
123860 -71439.4 4495.98
123860 -71439.5 4495.98
123860 -71439.5 4495.98
123860 -71439.6 4495.99
123860 -71439.6 4495.99
123860 -71439.6 4495.99
123860 -71439.6 4495.99
123860 -71439.7 4495.99
123860 -71439.8 4496
123860 -71439.8 4496
123859 -71439.8 4496
123859 -71439.9 4496
123859 -71439.9 4496.01
123859 -71439.9 4496.01
123859 -71440 4496.01
123859 -71440 4496.01
123859 -71440.1 4496.01
123859 -71440.1 4496.02
123859 -71440.1 4496.02
123859 -71440.1 4496.02
123859 -71440.2 4496.02
123858 -71440.3 4496.03
123858 -71440.3 4496.03
123858 -71440.4 4496.03
123858 -71440.4 4496.03
123858 -71440.4 4496.03
123858 -71440.4 4496.03
123858 -71440.5 4496.04
123858 -71440.5 4496.04
123858 -71440.6 4496.04
123858 -71440.6 4496.04
123857 -71440.7 4496.05
123857 -71440.8 4496.05
123857 -71440.8 4496.05
123857 -71440.8 4496.05
123857 -71440.9 4496.06
123857 -71440.9 4496.06
123857 -71441 4496.06
123857 -71441 4496.06
123857 -71441 4496.06
123857 -71441.1 4496.06
123856 -71441.1 4496.07
123856 -71441.2 4496.07
123856 -71441.3 4496.07
123856 -71441.3 4496.07
123856 -71441.3 4496.08
123856 -71441.4 4496.08
123856 -71441.4 4496.08
123856 -71441.5 4496.08
123856 -71441.5 4496.08
123856 -71441.5 4496.09
123856 -71441.6 4496.09
123855 -71441.6 4496.09
123855 -71441.7 4496.09
123855 -71441.7 4496.09
123855 -71441.8 4496.1
123855 -71441.8 4496.1
123855 -71441.9 4496.1
123855 -71441.9 4496.1
123855 -71441.9 4496.1
123855 -71442 4496.11
123855 -71442.1 4496.11
123854 -71442.1 4496.11
123854 -71442.2 4496.11
123854 -71442.2 4496.11
123854 -71442.2 4496.12
123854 -71442.3 4496.12
123854 -71442.3 4496.12
123854 -71442.4 4496.12
123854 -71442.4 4496.12
123854 -71442.5 4496.12
123854 -71442.5 4496.13
123854 -71442.6 4496.13
123854 -71442.6 4496.13
123854 -71442.7 4496.13
123853 -71442.7 4496.13
123853 -71442.8 4496.14
123853 -71442.8 4496.14
123853 -71442.8 4496.14
123853 -71442.9 4496.14
123853 -71443 4496.15
123853 -71443.1 4496.15
123853 -71443.1 4496.15
123853 -71443.1 4496.15
123853 -71443.2 4496.15
123853 -71443.2 4496.15
123852 -71443.2 4496.16
123852 -71443.3 4496.16
123852 -71443.4 4496.16
123852 -71443.4 4496.16
123852 -71443.5 4496.16
123852 -71443.5 4496.17
123852 -71443.6 4496.17
123852 -71443.6 4496.17
123852 -71443.7 4496.17
123852 -71443.8 4496.17
123852 -71443.8 4496.18
123852 -71443.9 4496.18
123851 -71443.9 4496.18
123851 -71444 4496.18
123851 -71444 4496.18
123851 -71444.1 4496.19
123851 -71444.1 4496.19
123851 -71444.2 4496.19
123851 -71444.2 4496.19
123851 -71444.3 4496.19
123851 -71444.3 4496.2
123851 -71444.4 4496.2
123851 -71444.4 4496.2
123851 -71444.4 4496.2
123850 -71444.5 4496.2
123850 -71444.6 4496.2
123850 -71444.7 4496.21
123850 -71444.7 4496.21
123850 -71444.7 4496.21
123850 -71444.8 4496.21
123850 -71444.9 4496.22
123850 -71444.9 4496.22
123850 -71445 4496.22
123850 -71445.1 4496.22
123850 -71445.2 4496.23
123849 -71445.2 4496.23
123849 -71445.3 4496.23
123849 -71445.3 4496.23
123849 -71445.4 4496.23
123849 -71445.4 4496.24
123849 -71445.5 4496.24
123849 -71445.5 4496.24
123849 -71445.7 4496.24
123849 -71445.7 4496.24
123849 -71445.8 4496.25
123849 -71445.9 4496.25
123848 -71445.9 4496.25
123848 -71446 4496.25
123848 -71446 4496.25
123848 -71446 4496.26
123848 -71446.1 4496.26
123848 -71446.2 4496.26
123848 -71446.2 4496.26
123848 -71446.3 4496.27
123848 -71446.5 4496.27
123848 -71446.5 4496.27
123848 -71446.6 4496.27
123848 -71446.6 4496.28
123847 -71446.7 4496.28
123847 -71446.7 4496.28
123847 -71446.8 4496.28
123847 -71446.9 4496.29
123847 -71447 4496.29
123847 -71447 4496.29
123847 -71447.1 4496.29
123847 -71447.2 4496.29
123847 -71447.2 4496.3
123847 -71447.3 4496.3
123847 -71447.3 4496.3
123847 -71447.4 4496.3
123846 -71447.5 4496.31
123846 -71447.6 4496.31
123846 -71447.6 4496.31
123846 -71447.6 4496.31
123846 -71447.8 4496.31
123846 -71447.8 4496.31
123846 -71447.9 4496.32
123846 -71447.9 4496.32
123846 -71448 4496.32
123846 -71448.1 4496.32
123846 -71448.2 4496.33
123845 -71448.3 4496.33
123845 -71448.3 4496.33
123845 -71448.4 4496.33
123845 -71448.5 4496.34
123845 -71448.5 4496.34
123845 -71448.6 4496.34
123845 -71448.7 4496.34
123845 -71448.8 4496.35
123845 -71448.9 4496.35
123845 -71449 4496.35
123845 -71449.1 4496.35
123845 -71449.1 4496.35
123844 -71449.2 4496.36
123844 -71449.2 4496.36
123844 -71449.3 4496.36
123844 -71449.4 4496.36
123844 -71449.4 4496.36
123844 -71449.5 4496.37
123844 -71449.6 4496.37
123844 -71449.6 4496.37
123844 -71449.7 4496.37
123844 -71449.7 4496.37
123844 -71449.8 4496.37
123844 -71449.8 4496.38
123844 -71450 4496.38
123844 -71450 4496.38
123843 -71450.1 4496.38
123843 -71450.2 4496.39
123843 -71450.2 4496.39
123843 -71450.3 4496.39
123843 -71450.3 4496.39
123843 -71450.3 4496.39
123843 -71450.5 4496.39
123843 -71450.6 4496.4
123843 -71450.7 4496.4
123843 -71450.8 4496.4
123843 -71450.8 4496.4
123843 -71450.8 4496.4
123843 -71451 4496.41
123843 -71451 4496.41
123842 -71451.1 4496.41
123842 -71451.1 4496.41
123842 -71451.2 4496.41
123842 -71451.3 4496.42
123842 -71451.4 4496.42
123842 -71451.4 4496.42
123842 -71451.5 4496.42
123842 -71451.5 4496.42
123842 -71451.6 4496.42
123842 -71451.7 4496.43
123842 -71451.7 4496.43
123842 -71451.7 4496.43
123842 -71451.8 4496.43
123842 -71451.9 4496.43
123842 -71451.9 4496.43
123842 -71452 4496.43
123842 -71452 4496.43
123842 -71452.1 4496.44
123841 -71452.1 4496.44
123841 -71452.2 4496.44
123841 -71452.2 4496.44
123841 -71452.2 4496.44
123841 -71452.3 4496.44
123841 -71452.3 4496.44
123841 -71452.4 4496.44
123841 -71452.4 4496.45
123841 -71452.4 4496.45
123841 -71452.5 4496.45
123841 -71452.6 4496.45
123841 -71452.6 4496.45
123841 -71452.7 4496.45
123841 -71452.7 4496.45
123841 -71452.7 4496.45
123841 -71452.8 4496.46
123841 -71452.8 4496.46
123841 -71452.9 4496.46
123841 -71452.9 4496.46
123841 -71452.9 4496.46
123841 -71453.1 4496.46
123841 -71453.1 4496.46
123841 -71453.1 4496.47
123841 -71453.2 4496.47
123840 -71453.2 4496.47
123840 -71453.3 4496.47
123840 -71453.4 4496.47
123840 -71453.5 4496.47
123840 -71453.5 4496.48
123840 -71453.6 4496.48
123840 -71453.6 4496.48
123840 -71453.7 4496.48
123840 -71453.7 4496.48
123840 -71453.8 4496.48
123840 -71453.9 4496.48
123840 -71454 4496.49
123840 -71454.1 4496.49
123840 -71454.1 4496.49
123840 -71454.2 4496.49
123840 -71454.3 4496.49
123840 -71454.3 4496.49
123840 -71454.3 4496.5
123839 -71454.5 4496.5
123839 -71454.5 4496.5
123839 -71454.6 4496.5
123839 -71454.6 4496.5
123839 -71454.8 4496.51
123839 -71454.8 4496.51
123839 -71454.9 4496.51
123839 -71454.9 4496.51
123839 -71455 4496.51
123839 -71455.1 4496.51
123839 -71455.1 4496.52
123839 -71455.2 4496.52
123839 -71455.3 4496.52
123839 -71455.4 4496.52
123839 -71455.5 4496.52
123839 -71455.5 4496.53
123839 -71455.6 4496.53
123838 -71455.7 4496.53
123838 -71455.8 4496.53
123838 -71455.9 4496.53
123838 -71455.9 4496.53
123838 -71456 4496.54
123838 -71456.1 4496.54
123838 -71456.1 4496.54
123838 -71456.3 4496.54
123838 -71456.4 4496.55
123838 -71456.4 4496.55
123838 -71456.5 4496.55
123838 -71456.5 4496.55
123838 -71456.6 4496.55
123838 -71456.7 4496.55
123838 -71456.7 4496.55
123838 -71456.8 4496.56
123838 -71456.9 4496.56
123838 -71456.9 4496.56
123837 -71457.1 4496.56
123837 -71457.1 4496.56
123837 -71457.2 4496.57
123837 -71457.2 4496.57
123837 -71457.4 4496.57
123837 -71457.4 4496.57
123837 -71457.5 4496.57
123837 -71457.5 4496.57
123837 -71457.7 4496.58
123837 -71457.8 4496.58
123837 -71457.9 4496.58
123837 -71458 4496.58
123837 -71458 4496.59
123837 -71458.1 4496.59
123837 -71458.2 4496.59
123837 -71458.3 4496.59
123836 -71458.3 4496.59
123836 -71458.4 4496.59
123836 -71458.5 4496.6
123836 -71458.6 4496.6
123836 -71458.7 4496.6
123836 -71458.7 4496.6
123836 -71458.8 4496.6
123836 -71458.9 4496.61
123836 -71459 4496.61
123836 -71459.1 4496.61
123836 -71459.1 4496.61
123836 -71459.2 4496.61
123836 -71459.2 4496.62
123836 -71459.3 4496.62
123836 -71459.4 4496.62
123836 -71459.5 4496.62
123836 -71459.6 4496.62
123836 -71459.7 4496.62
123836 -71459.7 4496.63
123836 -71459.8 4496.63
123835 -71459.9 4496.63
123835 -71459.9 4496.63
123835 -71460.1 4496.63
123835 -71460.1 4496.64
123835 -71460.2 4496.64
123835 -71460.3 4496.64
123835 -71460.3 4496.64
123835 -71460.3 4496.64
123835 -71460.4 4496.64
123835 -71460.4 4496.64
123835 -71460.4 4496.64
123835 -71460.4 4496.64
123835 -71460.5 4496.64
123835 -71460.5 4496.64
123835 -71460.5 4496.64
123835 -71460.5 4496.64
123835 -71460.6 4496.65
123835 -71460.6 4496.65
123835 -71460.6 4496.65
123835 -71460.6 4496.65
123835 -71460.6 4496.65
123835 -71460.6 4496.65
123835 -71460.6 4496.65
94178.4 -120448 5620.07
38567 -106786 6743.49
35013.6 -49631.4 7866.91
88504.5 -29186.3 8990.34
124001 -74123 10113.8
91678.8 -121394 11237.2
36924.9 -104623 12360.6
36623.3 -47358.6 13484
91197.4 -30011.2 14607.4
123969 -76971.5 15730.9
88860.3 -122211 16854.3
35215.5 -102173 17977.7
38362.1 -44995 19101.1
93909 -31073.2 20224.6
123747 -79950.5 21348
85893.4 -122920 22471.4
33597.8 -99587.1 23594.8
40292.3 -42714.9 24718.2
96597 -32272.6 25841.7
123339 -82910 26965.1
82967.4 -123523 28088.5
32223.2 -96984.2 29211.9
42439.7 -40638.1 30335.3
99271.1 -33604.6 31458.8
122916 -85760.1 32582.2
80172.3 -123869 33705.6
31118 -94323.1 34829
44708.3 -38694.3 35952.4
101860 -35095.2 37075.9
122322 -88579.7 38199.3
77361.3 -124046 39322.7
30111.5 -91692.6 40446.1
46919.5 -36950 41569.6
104184 -36686.5 42693
121495 -91272.1 43816.4
74544.9 -124059 44939.8
29397.4 -88831.2 46063.2
49575.5 -35239.1 47186.7
106745 -38535.4 48310.1
120630 -94091.5 49433.5
71733.1 -123897 50556.9
28714.5 -86098.7 51680.4
51980.4 -33773.1 52803.8
108861 -40394.4 53927.2
119486 -96664.9 55050.6
68830.8 -123373 56174
28244.7 -82974.6 57297.5
54718 -32196.3 58420.9
111077 -42340.2 59544.3
118184 -99162.4 60667.7
66058.8 -122874 61791.1
27895.1 -80179.9 62914.6
57281.6 -31030.1 64038
112954 -44440.1 65161.4
116739 -101580 66284.8
63240.5 -122006 67408.2
27804.4 -77022 68531.7
60189 -29793.8 69655.1
114920 -46638.2 70778.5
115146 -103903 71901.9
60548.8 -121177 73025.4
27793.4 -74205.5 74148.8
62874.3 -28944.1 75272.2
116532 -48948.4 76395.6
113421 -106129 77519
57909.7 -120193 78642.5
27946.5 -71393.2 79765.9
65604.6 -28252.3 80889.3
118005 -51348.5 82012.7
111568 -108250 83136.2
55332.5 -119058 84259.6
28263.1 -68594.5 85383
68370.5 -27720.8 86506.4
119337 -53830.5 87629.8
109596 -110261 88753.3
52825.9 -117773 89876.7
28742.2 -65819.2 91000.1
71162.6 -27351.4 92123.5
120521 -56385.9 93247
107509 -112153 94370.4
50398.1 -116346 95493.8
29382 -63076.6 96617.2
73971.5 -27145.3 97740.6
121555 -59005.9 98864.1
105316 -113920 99987.5
48057.8 -114779 101111
30180.7 -60375.7 102234
76787.6 -27103.1 103358
122434 -61681.7 104481
103024 -115557 105605
45812.8 -113078 106728
31135.3 -57725.8 107851
79601.5 -27225 108975
123156 -64404 110098
100640 -117057 111222
43670.7 -111249 112345
32242.8 -55136.2 113469
82403.5 -27510.6 114592
123718 -67163.8 115715
98173.3 -118415 116839
41638.7 -109299 117962
33499.2 -52615.4 119086
85184.1 -27959 120209
124118 -69951.6 121332
95631.3 -119628 122456
39723.8 -107234 123579
34900.3 -50172.2 124703
87933.8 -28568.6 125826
124356 -72758.1 126950
93022.9 -120691 128073
37932.5 -105060 129196
36441.4 -47814.6 130320
90643.3 -29337.3 131443
124429 -75573.6 132567
90357.1 -121599 133690
36270.8 -102786 134814
38117.1 -45550.9 135937
38117.1 -45550.9 135937
38117.1 -45550.9 135937
38117.1 -45550.9 135937
93303.1 -30262.7 137060
123582 -78867.8 138184
86204.4 -122252 139307
33655.2 -99495.7 140431
39723.1 -42553.2 141554
95887.8 -31381.9 142678
123284 -81668.3 143801
83442.1 -122801 144924
32307.7 -97022.3 146048
41682.6 -40530.1 147171
98402.7 -32649.7 148295
122823 -84446.8 149418
80652.4 -123189 150541
31106.7 -94474.9 151665
43756.8 -38624.6 152788
100840 -34062 153912
122201 -87193.7 155035
77845 -123413 156159
30056.2 -91861.7 157282
45938.4 -36843.2 158405
103190 -35613.8 159529
121419 -89899.7 160652
75029.1 -123474 161776
29159.5 -89191.6 162899
48220 -35191.8 164023
105446 -37299.8 165146
120482 -92555.4 166269
72214.5 -123370 167393
28419.9 -86473.9 168516
50593.8 -33676.3 169640
107600 -39114.4 170763
119391 -95152.2 171886
69410.7 -123102 173010
27840.1 -83717.8 174133
53052.1 -32301.6 175257
109645 -41051.5 176380
118151 -97681 177504
66627.4 -122672 178627
27421.7 -80932.5 179750
55586.2 -31072.4 180874
111573 -43104.4 181997
116766 -100133 183121
63873.8 -122080 184244
27166.4 -78127.6 185368
58187.8 -29993 186491
113378 -45266.1 187614
115241 -102501 188738
61159.6 -121329 189861
27075 -75312.6 190985
60847.8 -29066.9 192108
115055 -47529.2 193231
113580 -104775 194355
58493.5 -120421 195478
27147.5 -72497 196602
63557.2 -28297.3 197725
116597 -49886.3 198849
111789 -106949 199972
55884.9 -119359 201095
27384 -69690.4 202219
66306.6 -27687 203342
117998 -52329.2 204466
109874 -109015 205589
109874 -109015 205589
53342.5 -118147 206713
53342.5 -118147 206713
27783.6 -66902.5 207836
69087.2 -27237.9 208959
119256 -54849.6 210083
107843 -110966 211206
50875.2 -116789 212330
28345 -64142.5 213453
71889.1 -26951.5 214576
120364 -57438.9 215700
105702 -112795 216823
48491.1 -115290 217947
29066.2 -61419.9 219070
74702.9 -26828.8 220194
121319 -60088.4 221317
121319 -60088.4 221317
103457 -114496 222440
103457 -114496 222440
46198.3 -113654 223564
46198.3 -113654 223564
46198.3 -113654 223564
46198.3 -113654 223564
29944.7 -58744.1 224687
77519 -26870.4 225811
122118 -62789.3 226934
101117 -116064 228058
44004.7 -111887 229181
30977.5 -56124 230304
80328.1 -27075.8 231428
80328.1 -27075.8 231428
122759 -65531.7 232551
98689.7 -117493 233675
41917.6 -109996 234798
32161.1 -53568.1 235922
32161.1 -53568.1 235922
32161.1 -53568.1 235922
83120.1 -27444.3 237045
123239 -68306.8 238168
96183.2 -118777 239292
39944.4 -107986 240415
33491.8 -51085.6 241539
85886.1 -27974.9 242662
123556 -71105.3 243785
93606.4 -119914 244909
38091.8 -105865 246032
34964.9 -48685.1 247156
88616.5 -28665.9 248279
123710 -73917.7 249403
90967.6 -120898 250526
36365.7 -103639 251649
36575.2 -46374.4 252773
91302 -29514.8 253896
123700 -76734.1 255020
88276 -121728 256143
34772.3 -101316 257267
38317.5 -44161.4 258390
93933.6 -30518.7 259513
123525 -79545.1 260637
85540.6 -122399 261760
33316.8 -98905.1 262884
41073.1 -42168 264007
97686.3 -33553.1 265130
121968 -85415 266254
79096.6 -123379 267377
30553 -93002.1 268501
45953 -37846.8 269624
103212 -37010.9 270747
120215 -91693.1 271871
72579.1 -123475 272994
28617.4 -86777.9 274118
49722.1 -33543.9 275241
106752 -38723.1 276365
117922 -94888.1 277488
67212.8 -121494 278611
27346.1 -80384.9 279735
55494.1 -30515.6 280858
111290 -43402.3 281982
114718 -100564 283105
60861.7 -120027 284228
26955.9 -73878.6 285352
61624.2 -28300.3 286475
115759 -46972.8 287599
113168 -104179 288722
57566.3 -117880 289845
28692 -68427.9 290969
67953.2 -26740.7 292092
119046 -52601.6 293216
108699 -108924 294339
51750.7 -114937 295462
29869.7 -62017.1 296586
74435.3 -26056.3 297709
122531 -57137.6 298833
106329 -112063 299956
49064.3 -112064 301080
31151.1 -57673.2 302203
78250.6 -25101.7 303326
122818 -61060 304450
100940 -113981 305573
43991.5 -107971 306697
33641.4 -51649.5 307820
84732.8 -25785.7 308943
123996 -67470.8 310067
95124.7 -116925 311190
39522.3 -103226 312314
36927.7 -46020.4 313437
91061.7 -27344.8 314560
124292 -73982.2 315684
88962.9 -119050 316807
35739.9 -97918 317931
40948.9 -40890.6 319054
97119.8 -29750.3 320177
123699 -80473.4 321301
82569.2 -120319 322424
32714.6 -92144.5 323548
45630.5 -36355.2 324671
102794 -32957.2 325794
122228 -86823.6 326918
76062.5 -120705 328041
30502.4 -86013.1 329165
50885.2 -32498.6 330288
107980 -36906 331412
119908 -92914.9 332535
69563.7 -120204 333658
29144.8 -79638 334782
56615.8 -29392.5 335905
112581 -41523.5 337029
116782 -98634.1 338152
63193.5 -118823 339275
28666.6 -73137.4 340399
62715.4 -27094.5 341522
116511 -46723.6 342646
112906 -103875 343769
57070.2 -116589 344892
29077 -66632.2 346016
69070.9 -25647.4 347139
119697 -52410 348263
108354 -108540 349386
51307.7 -113542 350509
30368.2 -60243.2 351633
75564.2 -25078 352756
75564.2 -25078 352756
122081 -58476.6 353880
103209 -112543 355003
46012.9 -109741 356126
32516.2 -54089 357250
82074.5 -25396.8 358373
123617 -64811.1 359497
97568.3 -115808 360620
41284.3 -105254 361744
35481.1 -48284.3 362867
88481 -26598.1 363990
124278 -71295.7 365114
91535.6 -118277 366237
37209.8 -100167 367361
39208 -42936.7 368484
94664.6 -28659.6 369607
124050 -77810 370731
85223.3 -119902 371854
33865.1 -94572.2 372978
43627.5 -38145.6 374101
100510 -31542.8 375224
122939 -84232.7 376348
78748.6 -120654 377471
31312.2 -88574.7 378595
48657.5 -33999.9 379718
105910 -35194.1 380841
122684 -89947.3 381965
74914.3 -121528 383088
31107.3 -84647.2 384212
54085.6 -32194.7 385335
54085.6 -32194.7 385335
110896 -39392 386458
120068 -95917.6 387582
68447.9 -120709 388705
30063.4 -78213.1 389829
59961.3 -29372.7 390952
115266 -44229 392076
116665 -101477 393199
62152.9 -119018 394322
29904.1 -71696.9 395446
66166.2 -27376 396569
119605 -47955.6 397693
119605 -47955.6 397693
114988 -105034 398816
58935.6 -116756 399939
31832.2 -66310.9 401063
72546.3 -26041.5 402186
122690 -53697.2 403310
110354 -109617 404433
53227.9 -113608 405556
33236.4 -59945.9 406680
79048.5 -25587.4 407803
124966 -59805.4 408927
106827 -114122 410050
49598.3 -112094 411173
35350.2 -56629.4 412297
84515.9 -27269.6 413420
126588 -66118.5 414544
101231 -117464 415667
44809.5 -107672 416790
38236.5 -50785.2 417914
90938.2 -28384.3 419037
127336 -72593.7 420161
95232.3 -120013 421284
40666.6 -102639 422408
40101.2 -45377.4 423531
94863.2 -28632.4 424654
126419 -76418.2 425778
89515.2 -120206 426901
37074.7 -97200.3 428025
44301.8 -40393.3 429148
100832 -31251.1 430271
125597 -82884.4 431395
83080.7 -121247 432518
34256 -91323.2 433642
49141.2 -36026.8 434765
106390 -34657.2 435888
123902 -89178.5 437012
76564.3 -121403 438135
31150.4 -86519.3 439259
51757.9 -33090.9 440382
108834 -37738.3 441506
122272 -93404 442629
72684.2 -122044 443752
31182.9 -82586.6 444876
57285 -31616.6 445999
113558 -42229.7 447123
121079 -98998.5 448246
68758.2 -122275 449369
31628.1 -78679.1 450493
62936.4 -30730.5 451616
117784 -47191.9 452740
117515 -104456 453863
62515.1 -120402 454986
31658.7 -72161 456110
69196.7 -28915.7 457233
121296 -52683 458357
113242 -109379 459480
56584.8 -117696 460603
32575.4 -65707.7 461727
75645.7 -27969 462850
124029 -58600.6 463974
108340 -113674 465097
51077.7 -114210 466220
34361.3 -59438.9 467344
82163.7 -27907.9 468467
125932 -64834.8 469591
102899 -117263 470714
46095.7 -110006 471838
36983.1 -53471.3 472961
88629.4 -28733.9 474084
126969 -71269.9 475208
97020.4 -120079 476331
41731.7 -105165 477455
38604 -47985.4 478578
92561.6 -28806.1 479701
126225 -75131.7 480825
126225 -75131.7 480825
91317.7 -120527 481948
37900.2 -99891.9 483072
42577.4 -42818.3 484195
98641.9 -31155 485318
125692 -81628.1 486442
86213 -123109 487565
35256.6 -96979.9 488689
45899.1 -40712.6 489812
102878 -34998.9 490936
124481 -88032.7 492059
80865.5 -125140 493182
31977.9 -95319.6 494306
46746.5 -39991.9 495429
103992 -38501.5 496553
121619 -92985.9 497676
121619 -92985.9 497676
75382.7 -126771 498799
29895.3 -91983.4 499923
50390.1 -38511.6 501046
107476 -43038.6 502170
119287 -99072.2 503293
68884.9 -126256 504416
28551 -85605.4 505540
56127.1 -35417.6 506663
112067 -47665.7 507787
116148 -104785 508910
116148 -104785 508910
62517.6 -124862 510034
62517.6 -124862 510034
28086.5 -79103.9 511157
62231.5 -33132.5 512280
115986 -52874.2 513404
112261 -110018 514527
56819.9 -124354 515651
27382.2 -75234.9 516774
27382.2 -75234.9 516774
66164.4 -33101.5 517897
118314 -56758.8 519021
110380 -113471 520144
110380 -113471 520144
53739.7 -121908 521268
29620.7 -69970.6 522391
72611.3 -32141.1 523514
121059 -62670.6 524638
107216 -118237 525761
50107.1 -122468 526885
28225.3 -69549 528008
71645 -32212.6 529132
120689 -61775.2 530255
107950 -117605 531378
50936.9 -122968 532502
28009.8 -70493.5 533625
70680.4 -32303.3 534749
70680.4 -32303.3 534749
120301 -60887.3 535872
108672 -116959 536996
51776.4 -123452 538119
27813 -71442.2 539243
69717.7 -32413.1 540366
119896 -60007.4 541489
119896 -60007.4 541489
109381 -116299 542613
52625.4 -123919 543736
27635.1 -72394.5 544860
68757.5 -32542 545983
68757.5 -32542 545983
119473 -59135.6 547107
110077 -115624 548230
53483.4 -124369 549354
27476.1 -73350.2 550477
67799.9 -32690 551600
119033 -58272.4 552724
110759 -114936 553847
54350 -124802 554971
27336 -74308.9 556094
66845.4 -32856.8 557218
118576 -57418.1 558341
111427 -114235 559464
55225.3 -125217 560588
27215 -75270.2 561711
65894.4 -33042.7 562835
118102 -56573.1 563958
118102 -56573.1 563958
112082 -113521 565082
56108.4 -125615 566205
27113.1 -76233.6 567328
64947.4 -33247.2 568452
117611 -55737.5 569575
112722 -112793 570699
56999.6 -125996 571822
27030.4 -77198.9 572946
64004.7 -33470.6 574069
117104 -54912 575193
113347 -112054 576316
57897.9 -126359 577439
26966.9 -78165.8 578563
63066.6 -33712.7 579686
116581 -54096.7 580810
113958 -111302 581933
58803.4 -126703 583057
26922.6 -79133.7 584180
62133.6 -33973.3 585304
116042 -53291.9 586427
114554 -110538 587550
114554 -110538 587550
59715.6 -127030 588674
26897.6 -80102.3 589797
61205.9 -34252.5 590921
115486 -52498 592044
115135 -109762 593168
60634 -127339 594291
26891.6 -81071.1 595414
60283.8 -34549.7 596538
114915 -51715.1 597661
115700 -108975 598785
61558.3 -127629 599908
26905 -82039.9 601032
59367.8 -34865.4 602155
114329 -50943.8 603278
116249 -108176 604402
62488.2 -127901 605525
26937.4 -83008.1 606649
58458.2 -35199.1 607772
113728 -50184.2 608896
116782 -107368 610019
63423.3 -128155 611143
26989.1 -83975.6 612266
57555.5 -35550.8 613389
113111 -49436.8 614513
117299 -106548 615636
64363.3 -128390 616760
27059.9 -84941.9 617883
56659.8 -35920.3 619007
112480 -48701.7 620130
117800 -105719 621254
65307.7 -128606 622377
27150 -85906.5 623500
55771.8 -36307.5 624624
111835 -47979.2 625747
118284 -104880 626871
66256.2 -128804 627994
27259 -86869.2 629118
54891.4 -36712.3 630241
111175 -47269.7 631364
118752 -104031 632488
118752 -104031 632488
67208.6 -128982 633611
27387.4 -87829.4 634735
54019.6 -37134.2 635858
110501 -46573.2 636982
119202 -103173 638105
68164.2 -129142 639228
27534.6 -88787 640352
53156.1 -37573.6 641475
109814 -45890.5 642599
119636 -102307 643722
69122.9 -129282 644846
27701 -89741.5 645969
52301.6 -38030 647093
109113 -45221.5 648216
120052 -101432 649339
70084.1 -129404 650463
27886 -90692.5 651586
51456.1 -38503.3 652710
108399 -44566.6 653833
120451 -100549 654957
71047.6 -129507 656080
28089.9 -91639.6 657204
50620.3 -38993.1 658327
107672 -43925.8 659450
120832 -99658 660574
72012.9 -129590 661697
28312.8 -92582.6 662821
49794.5 -39499.5 663944
106933 -43299.7 665068
121196 -98759.9 666191
121196 -98759.9 666191
72979.8 -129654 667314
28554.1 -93520.8 668438
48978.7 -40022.1 669561
106181 -42688.2 670685
121541 -97854.7 671808
73947.4 -129699 672932
28813.8 -94454.1 674055
48173.4 -40560.9 675178
105418 -42092 676302
121869 -96942.9 677425
74916 -129725 678549
29092.3 -95382.1 679672
47379 -41115.6 680796
104643 -41510.9 681919
122178 -96024.8 683043
75884.9 -129732 684166
29388.9 -96304.5 685289
46595.8 -41685.9 686413
103856 -40945.4 687536
122470 -95100.7 688660
76853.7 -129719 689783
29704 -97220.8 690907
45824.1 -42271.7 692030
103058 -40395.6 693154
122742 -94171.1 694277
77822.1 -129688 695400
30037 -98130.6 696524
45064.1 -42872.6 697647
102250 -39861.7 698771
122997 -93236.1 699894
78789.6 -129637 701018
30388.1 -99033.6 702141
44316.3 -43488.4 703264
101431 -39343.9 704388
123232 -92296.4 705511
79756 -129567 706635
30757 -99929.5 707758
43580.7 -44119 708882
100602 -38842.5 710005
123449 -91352.1 711128
80720.7 -129477 712252
31143.4 -100818 713375
42857.8 -44764 714499
99763.1 -38357.5 715622
123647 -90403.7 716746
81683.5 -129369 717869
31547.6 -101698 718993
42147.8 -45423.2 720116
98914.9 -37889.4 721239
123827 -89451.7 722363
82643.9 -129242 723486
31969.1 -102571 724610
41451 -46096.5 725733
98057.6 -37438.2 726857
123987 -88496.2 727980
83601.7 -129095 729104
32407.9 -103435 730227
40767.9 -46783.4 731350
97191.5 -37004.1 732474
124129 -87537.8 733597
84556.3 -128930 734721
32863.6 -104290 735844
40098.3 -47483.7 736968
96316.9 -36587.2 738091
124251 -86576.6 739214
85507.5 -128745 740338
33336.2 -105135 741461
39442.8 -48197.1 742585
95434.3 -36187.6 743708
124355 -85613.2 744832
86454.9 -128542 745955
33825.6 -105972 747078
38801.7 -48923.4 748202
94543.9 -35805.8 749325
124439 -84648 750449
87398 -128320 751572
34331.5 -106798 752696
38175.1 -49662.4 753819
93646.1 -35441.8 754943
124504 -83681.5 756066
88336.6 -128080 757189
34853.5 -107614 758313
37563.1 -50413.6 759436
92741.2 -35095.6 760560
124550 -82713.8 761683
124550 -82713.8 761683
89270.1 -127820 762807
89270.1 -127820 762807
89270.1 -127820 762807
35391.9 -108420 763930
36966.4 -51176.7 765054
91829.9 -34767.3 766177
124577 -81745.2 767300
90198.6 -127543 768424
35946.1 -109215 769547
36384.9 -51951.6 770671
90912.1 -34457.2 771794
90912.1 -34457.2 771794
90912.1 -34457.2 771794
124584 -80776.5 772918
91121.5 -127247 774041
36515.9 -109998 775164
35818.9 -52737.8 776288
89988.4 -34165.4 777411
124573 -79807.6 778535
92038 -126933 779658
37101.2 -110771 780782
35268.6 -53535.1 781905
89059 -33891.9 783028
124542 -78839.2 784152
92948.2 -126600 785275
37701.5 -111531 786399
34734.1 -54343.2 787522
88124.4 -33636.9 788646
124491 -77871.6 789769
93851.5 -126250 790893
38316.8 -112280 792016
34215.7 -55161.7 793139
87184.8 -33400.6 794263
124422 -76905.3 795386
94747.6 -125882 796510
38946.8 -113016 797633
33713.6 -55990.3 798757
86240.7 -33182.9 799880
124333 -75940.4 801004
95636.3 -125496 802127
39591.4 -113739 803250
33228.2 -56828.7 804374
85292.5 -32984 805497
124226 -74977.6 806621
96517.2 -125092 807744
40250 -114450 808868
32759.3 -57676.6 809991
84340.5 -32803.9 811114
124099 -74017 812238
97389.9 -124672 813361
40922.8 -115147 814485
32307.5 -58533.6 815608
83385.2 -32642.7 816732
83385.2 -32642.7 816732
123953 -73059 817855
98254.1 -124233 818978
41609 -115830 820102
31872.6 -59399.3 821225
82426.7 -32500.5 822349
123788 -72104.3 823472
99109.3 -123778 824596
42308.7 -116500 825719
31454.9 -60273.6 826843
81465.6 -32377.4 827966
123605 -71153.1 829089
99955.4 -123306 830213
43021.7 -117157 831336
31054.8 -61156 832460
80502.4 -32273.3 833583
123402 -70205.6 834707
100792 -122818 835830
43747.5 -117798 836954
30672.2 -62046.2 838077
79537.2 -32188.5 839200
123181 -69262.4 840324
123181 -69262.4 840324
101619 -122313 841447
44485.9 -118426 842571
30307.4 -62943.7 843694
78570.6 -32122.6 844818
122941 -68323.6 845941
102435 -121791 847064
45236.6 -119038 848188
29960.5 -63848.3 849311
77602.9 -32076 850435
122683 -67389.9 851558
103241 -121254 852682
45999.2 -119636 853805
45999.2 -119636 853805
45999.2 -119636 853805
45999.2 -119636 853805
45999.2 -119636 853805
45999.2 -119636 853805
45999.2 -119635 853805
45999.2 -119635 853805
45999.2 -119635 853805
45999.2 -119635 853805
45999.2 -119635 853805
45999.1 -119635 853805
45999.1 -119635 853805
45999.1 -119635 853805
45999.1 -119635 853805
45999.1 -119635 853805
45999.1 -119635 853805
45999.1 -119635 853805
45999.1 -119635 853805
45999.1 -119635 853805
45999.1 -119635 853805
45999.1 -119635 853805
45999.1 -119635 853805
45999.1 -119635 853805
45999.1 -119635 853805
45999.1 -119635 853805
29631.3 -64759 854928
76634.2 -32048 856052
122406 -66460.8 857175
104036 -120700 858299
104036 -120700 858299
46773.5 -120217 859422
46773.5 -120217 859422
46773.5 -120217 859422
29320.5 -65676.7 860546
29320.5 -65676.7 860546
29320.5 -65676.7 860546
29320.5 -65676.7 860546
29320.5 -65676.7 860546
29320.5 -65676.7 860546
29320.5 -65676.7 860546
29320.5 -65676.7 860546
29320.5 -65676.7 860546
29320.5 -65676.7 860546
29320.5 -65676.7 860546
29320.5 -65676.7 860546
29320.5 -65676.7 860546
29320.5 -65676.7 860546
29320.5 -65676.7 860546
29320.5 -65676.7 860546
29320.5 -65676.7 860546
29320.5 -65676.7 860546
29320.5 -65676.7 860546
29320.5 -65676.7 860546
29320.5 -65676.7 860546
29320.5 -65676.7 860546
29320.5 -65676.7 860546
29320.5 -65676.7 860546
29320.5 -65676.7 860546
29320.5 -65676.7 860546
29320.5 -65676.7 860546
29320.5 -65676.7 860546
29320.5 -65676.7 860546
29320.5 -65676.7 860546
29320.5 -65676.7 860546
